0.000000000000000000e+00 -9.056732740943232329e+00
4.677419354838704635e+00 -1.008961798435478840e+01
1.690860215053761806e+01 -9.263309789625566282e+00
3.403225806451611390e+01 -9.883040935672482874e+00
4.905913978494625383e+01 -1.132908027644867843e+01
7.247311827956987429e+01 -1.091592617908403895e+01
8.680107526881720048e+01 -1.070934913040173342e+01
1.081182795698924650e+02 -1.298169666590717952e+01
1.182526881720429941e+02 -8.850155692260926799e+00
1.364247311827957105e+02 -8.850155692260926799e+00
1.608870967741935374e+02 -8.437001594896315737e+00
1.815053763440860735e+02 -1.070934913040173342e+01
2.168010752688172147e+02 -1.194881142249559502e+01
2.346236559139784958e+02 -9.469886838307871813e+00
2.461559139784947092e+02 -9.883040935672482874e+00
2.734139784946236773e+02 -1.029619503303712236e+01
2.971774193548387188e+02 -1.153565732513098396e+01
3.160483870967742064e+02 -1.029619503303712236e+01
3.436559139784946524e+02 -1.008961798435478840e+01
3.607795698924731482e+02 -1.215538847117792898e+01
3.831451612903226192e+02 -1.091592617908403895e+01
4.069086021505376607e+02 -1.153565732513098396e+01
4.152956989247313118e+02 -8.643578643578621268e+00
4.310215053763441801e+02 -9.056732740943232329e+00
4.582795698924732051e+02 -1.070934913040173342e+01
4.775000000000000000e+02 -9.676463886990177343e+00
4.981182795698924792e+02 -1.153565732513098396e+01
5.044086021505378312e+02 -1.153565732513098396e+01
