0.000000000000000000e+00 -2.847497531708054908e+01
1.026881720430105815e+01 -2.868155236576288303e+01
4.731182795698926213e+01 -2.888812941444518856e+01
8.610215053763441517e+01 -3.095389990126830071e+01
1.511021505376344294e+02 -2.909470646312749409e+01
2.223924731182796108e+02 -2.888812941444518856e+01
2.783064516129032313e+02 -2.930128351180979962e+01
3.300268817204301399e+02 -3.054074580390368965e+01
3.653225806451613380e+02 -3.198678514467985678e+01
4.243817204301075208e+02 -3.239993924204449627e+01
4.687634408602150415e+02 -3.239993924204449627e+01
5.051075268817204460e+02 -3.632490316700841504e+01
