0.000000000000000000e+00 -1.360000000000000000e+02
1.000000000000000000e+02 -1.420000000000000000e+02
3.500000000000000000e+02 -1.380000000000000000e+02
6.000000000000000000e+02 -1.380000000000000000e+02
8.000000000000000000e+02 -1.340000000000000000e+02
1.000000000000000000e+03 -1.400000000000000000e+02
1.000000000000000000e+03 -2.500000000000000000e+02
8.000000000000000000e+02 -2.500000000000000000e+02
5.500000000000000000e+02 -2.500000000000000000e+02
1.500000000000000000e+02 -2.500000000000000000e+02
0.000000000000000000e+00 -2.500000000000000000e+02
