0.000000000000000000e+00 -1.800000000000000000e+02
5.000000000000000000e+01 -1.900000000000000000e+02
1.800000000000000000e+02 -1.900000000000000000e+02
3.500000000000000000e+02 -1.900000000000000000e+02
5.100000000000000000e+02 -1.800000000000000000e+02
7.200000000000000000e+02 -1.800000000000000000e+02
9.400000000000000000e+02 -2.000000000000000000e+02
1.000000000000000000e+03 -2.000000000000000000e+02
1.000000000000000000e+03 -1.400000000000000000e+02
8.400000000000000000e+02 -1.300000000000000000e+02
6.000000000000000000e+02 -1.300000000000000000e+02
4.000000000000000000e+02 -1.300000000000000000e+02
2.000000000000000000e+02 -1.400000000000000000e+02
0.000000000000000000e+00 -1.400000000000000000e+02
