0.000000000000000000e+00 -3.685729475203146421e+00
9.569892473118272846e+00 -3.272575377838506938e+00
3.193548387096772956e+01 -4.305460621250063014e+00
4.311827956989246502e+01 -3.065998329156201407e+00
5.360215053763438675e+01 -3.479152426520812469e+00
7.317204301075271644e+01 -3.685729475203146421e+00
8.505376344086020879e+01 -5.131768815979313558e+00
1.000806451612903203e+02 -4.098883572567757483e+00
1.088172043010752503e+02 -2.652844231791561924e+00
1.283870967741935374e+02 -1.000227842333089256e+00
1.357258064516129252e+02 -2.033113085744645332e+00
1.437634408602150415e+02 -2.652844231791561924e+00
1.713709677419354875e+02 -3.479152426520812469e+00
2.178494623655914211e+02 -3.892306523885451952e+00
2.465053763440860166e+02 -3.065998329156201407e+00
2.751612903225806690e+02 -2.446267183109256393e+00
2.978763440860215042e+02 -2.652844231791561924e+00
3.303763440860215042e+02 -3.479152426520812469e+00
3.370161290322581067e+02 -2.446267183109256393e+00
3.485483870967742064e+02 -2.859421280473895877e+00
3.758064516129032313e+02 -2.652844231791561924e+00
4.023655913978494709e+02 -2.446267183109256393e+00
4.310215053763441801e+02 -2.859421280473895877e+00
4.460483870967742632e+02 -2.652844231791561924e+00
4.579301075268817840e+02 -3.685729475203146421e+00
4.715591397849462965e+02 -1.826536037062339801e+00
4.820430107526882466e+02 -2.859421280473895877e+00
4.914784946236559335e+02 -2.652844231791561924e+00
5.002150537634408920e+02 -3.272575377838506938e+00
5.054569892473118671e+02 -2.859421280473895877e+00
