6.200000000000000000e+02 -1.400000000000000000e+02
7.100000000000000000e+02 -1.800000000000000000e+02
8.200000000000000000e+02 -1.900000000000000000e+02
9.300000000000000000e+02 -2.000000000000000000e+02
9.800000000000000000e+02 -2.000000000000000000e+02
1.000000000000000000e+03 -2.000000000000000000e+02
1.000000000000000000e+03 -2.000000000000000000e+02
1.000000000000000000e+03 -1.900000000000000000e+02
1.000000000000000000e+03 -1.700000000000000000e+02
1.000000000000000000e+03 -1.500000000000000000e+02
1.000000000000000000e+03 -1.400000000000000000e+02
9.700000000000000000e+02 -1.500000000000000000e+02
8.700000000000000000e+02 -1.500000000000000000e+02
7.300000000000000000e+02 -1.500000000000000000e+02
