21
# x y z
0	0	0
50	0	0
100	0	0
150	0	0
200	0	0
250	0	0
300	0	0
350	0	0
400	0	0
450	0	0
500	0	0
550	0	0
600	0	0
650	0	0
700	0	0
750	0	0
800	0	0
850	0	0
900	0	0
950	0	0
1000	0	0
171
# a b m n err i ip iperr k r rhoa u valid 
1	2	3	4	5.00181072800457e-02	1.00000000000000e+00	0.00000000000000e+00	0.00000000000000e+00	-9.42477796076938e+02	-5.32839774535326e-02	5.02189656366186e+01	-5.32839774535326e-02	1
2	3	4	5	5.00187395706706e-02	1.00000000000000e+00	0.00000000000000e+00	0.00000000000000e+00	-9.42477796076938e+02	-5.20543779430324e-02	4.90600953999051e+01	-5.20543779430324e-02	1
3	4	5	6	5.00188340519045e-02	1.00000000000000e+00	0.00000000000000e+00	0.00000000000000e+00	-9.42477796076938e+02	-5.22406557782033e-02	4.92356581234550e+01	-5.22406557782033e-02	1
4	5	6	7	5.00194459726484e-02	1.00000000000000e+00	0.00000000000000e+00	0.00000000000000e+00	-9.42477796076938e+02	-4.69100698341896e-02	4.42116992311422e+01	-4.69100698341896e-02	1
5	6	7	8	5.00218932942774e-02	1.00000000000000e+00	0.00000000000000e+00	0.00000000000000e+00	-9.42477796076938e+02	-4.61482742284137e-02	4.34937237875494e+01	-4.61482742284137e-02	1
6	7	8	9	5.00259186915882e-02	1.00000000000000e+00	0.00000000000000e+00	0.00000000000000e+00	-9.42477796076938e+02	-3.47002331870977e-02	3.27041992975316e+01	-3.47002331870977e-02	1
7	8	9	10	5.00285268210081e-02	1.00000000000000e+00	0.00000000000000e+00	0.00000000000000e+00	-9.42477796076938e+02	-3.40774588142202e-02	3.21172482791289e+01	-3.40774588142202e-02	1
8	9	10	11	5.00289131391455e-02	1.00000000000000e+00	0.00000000000000e+00	0.00000000000000e+00	-9.42477796076938e+02	-3.51698442465064e-02	3.31467972938166e+01	-3.51698442465064e-02	1
9	10	11	12	5.00260374182347e-02	1.00000000000000e+00	0.00000000000000e+00	0.00000000000000e+00	-9.42477796076938e+02	-4.13820647102076e-02	3.90016771451897e+01	-4.13820647102076e-02	1
10	11	12	13	5.00216675762074e-02	1.00000000000000e+00	0.00000000000000e+00	0.00000000000000e+00	-9.42477796076938e+02	-4.29874325874167e-02	4.05147007239944e+01	-4.29874325874167e-02	1
11	12	13	14	5.00194258519129e-02	1.00000000000000e+00	0.00000000000000e+00	0.00000000000000e+00	-9.42477796076938e+02	-5.51477619738344e-02	5.19755411636750e+01	-5.51477619738344e-02	1
12	13	14	15	5.00190918890709e-02	1.00000000000000e+00	0.00000000000000e+00	0.00000000000000e+00	-9.42477796076938e+02	-5.16460925031849e-02	4.86752954383874e+01	-5.16460925031849e-02	1
13	14	15	16	5.00191123621309e-02	1.00000000000000e+00	0.00000000000000e+00	0.00000000000000e+00	-9.42477796076938e+02	-5.08575497990508e-02	4.79321114484825e+01	-5.08575497990508e-02	1
14	15	16	17	5.00193234131854e-02	1.00000000000000e+00	0.00000000000000e+00	0.00000000000000e+00	-9.42477796076938e+02	-5.48216861683156e-02	5.16682219571357e+01	-5.48216861683156e-02	1
15	16	17	18	5.00205287361758e-02	1.00000000000000e+00	0.00000000000000e+00	0.00000000000000e+00	-9.42477796076938e+02	-5.28508333104614e-02	4.98107368992733e+01	-5.28508333104614e-02	1
16	17	18	19	5.00231479109480e-02	1.00000000000000e+00	0.00000000000000e+00	0.00000000000000e+00	-9.42477796076938e+02	-3.95456784831188e-02	3.72709239011370e+01	-3.95456784831188e-02	1
17	18	19	20	5.00260568206759e-02	1.00000000000000e+00	0.00000000000000e+00	0.00000000000000e+00	-9.42477796076938e+02	-3.70346652207479e-02	3.49043496556977e+01	-3.70346652207479e-02	1
18	19	20	21	5.00269323832848e-02	1.00000000000000e+00	0.00000000000000e+00	0.00000000000000e+00	-9.42477796076938e+02	-3.82128767362964e-02	3.60147878481843e+01	-3.82128767362964e-02	1
1	2	4	5	5.00536525022109e-02	1.00000000000000e+00	0.00000000000000e+00	0.00000000000000e+00	-3.76991118430775e+03	-1.95510660706708e-02	7.37057826449617e+01	-1.95510660706708e-02	1
2	3	5	6	5.00552112600430e-02	1.00000000000000e+00	0.00000000000000e+00	0.00000000000000e+00	-3.76991118430775e+03	-1.70085627704845e-02	6.41207710174500e+01	-1.70085627704845e-02	1
3	4	6	7	5.00587675098068e-02	1.00000000000000e+00	0.00000000000000e+00	0.00000000000000e+00	-3.76991118430775e+03	-1.58838124226763e-02	5.98805621016939e+01	-1.58838124226763e-02	1
4	5	7	8	5.00660153193125e-02	1.00000000000000e+00	0.00000000000000e+00	0.00000000000000e+00	-3.76991118430775e+03	-1.51468958609043e-02	5.71024521135680e+01	-1.51468958609043e-02	1
5	6	8	9	5.00714791039513e-02	1.00000000000000e+00	0.00000000000000e+00	0.00000000000000e+00	-3.76991118430775e+03	-1.30691816765371e-02	4.92696541721273e+01	-1.30691816765371e-02	1
6	7	9	10	5.00828292182718e-02	1.00000000000000e+00	0.00000000000000e+00	0.00000000000000e+00	-3.76991118430775e+03	-1.18435014884006e-02	4.46489487224869e+01	-1.18435014884006e-02	1
7	8	10	11	5.00889398026551e-02	1.00000000000000e+00	0.00000000000000e+00	0.00000000000000e+00	-3.76991118430775e+03	-1.19560987118230e-02	4.50734302543891e+01	-1.19560987118230e-02	1
8	9	11	12	5.00820178288734e-02	1.00000000000000e+00	0.00000000000000e+00	0.00000000000000e+00	-3.76991118430775e+03	-1.22661535659880e-02	4.62423095168546e+01	-1.22661535659880e-02	1
9	10	12	13	5.00725753654342e-02	1.00000000000000e+00	0.00000000000000e+00	0.00000000000000e+00	-3.76991118430775e+03	-1.38808508896427e-02	5.23295750165721e+01	-1.38808508896427e-02	1
10	11	13	14	5.00661835516456e-02	1.00000000000000e+00	0.00000000000000e+00	0.00000000000000e+00	-3.76991118430775e+03	-1.30263704139458e-02	4.91082595144700e+01	-1.30263704139458e-02	1
11	12	14	15	5.00597195497215e-02	1.00000000000000e+00	0.00000000000000e+00	0.00000000000000e+00	-3.76991118430775e+03	-1.64457681727747e-02	6.19990853690757e+01	-1.64457681727747e-02	1
12	13	15	16	5.00577325541972e-02	1.00000000000000e+00	0.00000000000000e+00	0.00000000000000e+00	-3.76991118430775e+03	-1.73279417706265e-02	6.53248014821183e+01	-1.73279417706265e-02	1
13	14	16	17	5.00589145987802e-02	1.00000000000000e+00	0.00000000000000e+00	0.00000000000000e+00	-3.76991118430775e+03	-1.82297931650140e-02	6.87247011404033e+01	-1.82297931650140e-02	1
14	15	17	18	5.00620982996400e-02	1.00000000000000e+00	0.00000000000000e+00	0.00000000000000e+00	-3.76991118430775e+03	-1.53314955135715e-02	5.77983764087774e+01	-1.53314955135715e-02	1
15	16	18	19	5.00656243329935e-02	1.00000000000000e+00	0.00000000000000e+00	0.00000000000000e+00	-3.76991118430775e+03	-1.62521670232800e-02	6.12692262303007e+01	-1.62521670232800e-02	1
16	17	19	20	5.00727566452386e-02	1.00000000000000e+00	0.00000000000000e+00	0.00000000000000e+00	-3.76991118430775e+03	-1.30659651535714e-02	4.92575281662241e+01	-1.30659651535714e-02	1
17	18	20	21	5.00751530590089e-02	1.00000000000000e+00	0.00000000000000e+00	0.00000000000000e+00	-3.76991118430775e+03	-1.36203810271787e-02	5.13476267688941e+01	-1.36203810271787e-02	1
1	2	5	6	5.01093150000565e-02	1.00000000000000e+00	0.00000000000000e+00	0.00000000000000e+00	-9.42477796076938e+03	-9.14386604657444e-03	8.61789071919822e+01	-9.14386604657444e-03	1
2	3	6	7	5.01189375854022e-02	1.00000000000000e+00	0.00000000000000e+00	0.00000000000000e+00	-9.42477796076938e+03	-8.56242863282667e-03	8.06989886693255e+01	-8.56242863282667e-03	1
3	4	7	8	5.01366074801252e-02	1.00000000000000e+00	0.00000000000000e+00	0.00000000000000e+00	-9.42477796076938e+03	-7.73076656696579e-03	7.28607583601919e+01	-7.73076656696579e-03	1
4	5	8	9	5.01479774420647e-02	1.00000000000000e+00	0.00000000000000e+00	0.00000000000000e+00	-9.42477796076938e+03	-6.75494350879271e-03	6.36638427079117e+01	-6.75494350879271e-03	1
5	6	9	10	5.01543890475908e-02	1.00000000000000e+00	0.00000000000000e+00	0.00000000000000e+00	-9.42477796076938e+03	-6.62862929004159e-03	6.24733592428943e+01	-6.62862929004159e-03	1
6	7	10	11	5.01666367575388e-02	1.00000000000000e+00	0.00000000000000e+00	0.00000000000000e+00	-9.42477796076938e+03	-6.38138882274739e-03	6.01431727357297e+01	-6.38138882274739e-03	1
7	8	11	12	5.01624889788928e-02	1.00000000000000e+00	0.00000000000000e+00	0.00000000000000e+00	-9.42477796076938e+03	-5.87591087634877e-03	5.53791553268570e+01	-5.87591087634877e-03	1
8	9	12	13	5.01534671514482e-02	1.00000000000000e+00	0.00000000000000e+00	0.00000000000000e+00	-9.42477796076938e+03	-6.17982390924245e-03	5.82434681812639e+01	-6.17982390924245e-03	1
9	10	13	14	5.01516949103081e-02	1.00000000000000e+00	0.00000000000000e+00	0.00000000000000e+00	-9.42477796076938e+03	-6.78051977007812e-03	6.39048932915933e+01	-6.78051977007812e-03	1
10	11	14	15	5.01401999673166e-02	1.00000000000000e+00	0.00000000000000e+00	0.00000000000000e+00	-9.42477796076938e+03	-7.36215007834507e-03	6.93866298022632e+01	-7.36215007834507e-03	1
11	12	15	16	5.01248244381397e-02	1.00000000000000e+00	0.00000000000000e+00	0.00000000000000e+00	-9.42477796076938e+03	-8.11558251312679e-03	7.64875632085228e+01	-8.11558251312679e-03	1
12	13	16	17	5.01225754273524e-02	1.00000000000000e+00	0.00000000000000e+00	0.00000000000000e+00	-9.42477796076938e+03	-8.64614698128913e-03	8.14880155148265e+01	-8.64614698128913e-03	1
13	14	17	18	5.01301917744476e-02	1.00000000000000e+00	0.00000000000000e+00	0.00000000000000e+00	-9.42477796076938e+03	-7.27810006590722e-03	6.85944770974365e+01	-7.27810006590722e-03	1
14	15	18	19	5.01369685281064e-02	1.00000000000000e+00	0.00000000000000e+00	0.00000000000000e+00	-9.42477796076938e+03	-7.35215323062249e-03	6.92924117321702e+01	-7.35215323062249e-03	1
15	16	19	20	5.01405552394751e-02	1.00000000000000e+00	0.00000000000000e+00	0.00000000000000e+00	-9.42477796076938e+03	-6.49726014248880e-03	6.12352341963138e+01	-6.49726014248880e-03	1
16	17	20	21	5.01397529467947e-02	1.00000000000000e+00	0.00000000000000e+00	0.00000000000000e+00	-9.42477796076938e+03	-7.10861997554661e-03	6.69971648770166e+01	-7.10861997554661e-03	1
1	2	6	7	5.01968374118494e-02	1.00000000000000e+00	0.00000000000000e+00	0.00000000000000e+00	-1.88495559215387e+04	-4.74619678312116e-03	8.94637016780696e+01	-4.74619678312116e-03	1
2	3	7	8	5.02269977387947e-02	1.00000000000000e+00	0.00000000000000e+00	0.00000000000000e+00	-1.88495559215387e+04	-3.92489150245875e-03	7.39824618615685e+01	-3.92489150245875e-03	1
3	4	8	9	5.02513699294426e-02	1.00000000000000e+00	0.00000000000000e+00	0.00000000000000e+00	-1.88495559215387e+04	-3.76506022750862e-03	7.09697133063851e+01	-3.76506022750862e-03	1
4	5	9	10	5.02639541460702e-02	1.00000000000000e+00	0.00000000000000e+00	0.00000000000000e+00	-1.88495559215387e+04	-3.78222191029467e-03	7.12932034057684e+01	-3.78222191029467e-03	1
5	6	10	11	5.02568583883968e-02	1.00000000000000e+00	0.00000000000000e+00	0.00000000000000e+00	-1.88495559215387e+04	-4.18011048861960e-03	7.87932264134457e+01	-4.18011048861960e-03	1
6	7	11	12	5.02504285615347e-02	1.00000000000000e+00	0.00000000000000e+00	0.00000000000000e+00	-1.88495559215387e+04	-4.16905997010363e-03	7.85849290467170e+01	-4.16905997010363e-03	1
7	8	12	13	5.02522698968082e-02	1.00000000000000e+00	0.00000000000000e+00	0.00000000000000e+00	-1.88495559215387e+04	-4.09747064667368e-03	7.72355020913391e+01	-4.09747064667368e-03	1
8	9	13	14	5.02630887372493e-02	1.00000000000000e+00	0.00000000000000e+00	0.00000000000000e+00	-1.88495559215387e+04	-3.93424658724967e-03	7.41588010554856e+01	-3.93424658724967e-03	1
9	10	14	15	5.02619677497543e-02	1.00000000000000e+00	0.00000000000000e+00	0.00000000000000e+00	-1.88495559215387e+04	-3.76876355048145e-03	7.10395192998571e+01	-3.76876355048145e-03	1
10	11	15	16	5.02406180151102e-02	1.00000000000000e+00	0.00000000000000e+00	0.00000000000000e+00	-1.88495559215387e+04	-4.27455950379606e-03	8.05735484067487e+01	-4.27455950379606e-03	1
11	12	16	17	5.02191819102416e-02	1.00000000000000e+00	0.00000000000000e+00	0.00000000000000e+00	-1.88495559215387e+04	-4.63216197025830e-03	8.73141960960088e+01	-4.63216197025830e-03	1
12	13	17	18	5.02222369265317e-02	1.00000000000000e+00	0.00000000000000e+00	0.00000000000000e+00	-1.88495559215387e+04	-4.27371045623877e-03	8.05575442373376e+01	-4.27371045623877e-03	1
13	14	18	19	5.02365020598757e-02	1.00000000000000e+00	0.00000000000000e+00	0.00000000000000e+00	-1.88495559215387e+04	-3.70651385127075e-03	6.98661401134860e+01	-3.70651385127075e-03	1
14	15	19	20	5.02413005062633e-02	1.00000000000000e+00	0.00000000000000e+00	0.00000000000000e+00	-1.88495559215387e+04	-4.19674309264611e-03	7.91067436131642e+01	-4.19674309264611e-03	1
15	16	20	21	5.02251058518340e-02	1.00000000000000e+00	0.00000000000000e+00	0.00000000000000e+00	-1.88495559215387e+04	-4.61262022113402e-03	8.69458428030861e+01	-4.61262022113402e-03	1
1	2	7	8	5.03385689330184e-02	1.00000000000000e+00	0.00000000000000e+00	0.00000000000000e+00	-3.29867228626929e+04	-2.71817957586169e-03	8.96638363599816e+01	-2.71817957586169e-03	1
2	3	8	9	5.03725882104046e-02	1.00000000000000e+00	0.00000000000000e+00	0.00000000000000e+00	-3.29867228626929e+04	-2.71070279223153e-03	8.94172017704692e+01	-2.71070279223153e-03	1
3	4	9	10	5.03993298823237e-02	1.00000000000000e+00	0.00000000000000e+00	0.00000000000000e+00	-3.29867228626929e+04	-2.51495492750937e-03	8.29601212059154e+01	-2.51495492750937e-03	1
4	5	10	11	5.03914924606751e-02	1.00000000000000e+00	0.00000000000000e+00	0.00000000000000e+00	-3.29867228626929e+04	-2.63677144557879e-03	8.69784489275698e+01	-2.63677144557879e-03	1
5	6	11	12	5.03462795963731e-02	1.00000000000000e+00	0.00000000000000e+00	0.00000000000000e+00	-3.29867228626929e+04	-2.77288443652704e-03	9.14683704379920e+01	-2.77288443652704e-03	1
6	7	12	13	5.03488397832030e-02	1.00000000000000e+00	0.00000000000000e+00	0.00000000000000e+00	-3.29867228626929e+04	-2.97795202520255e-03	9.82328781537517e+01	-2.97795202520255e-03	1
7	8	13	14	5.03856535908744e-02	1.00000000000000e+00	0.00000000000000e+00	0.00000000000000e+00	-3.29867228626929e+04	-2.33814450873861e-03	7.71277249226878e+01	-2.33814450873861e-03	1
8	9	14	15	5.04024379244535e-02	1.00000000000000e+00	0.00000000000000e+00	0.00000000000000e+00	-3.29867228626929e+04	-2.32278986066795e-03	7.66212254021268e+01	-2.32278986066795e-03	1
9	10	15	16	5.03979017234120e-02	1.00000000000000e+00	0.00000000000000e+00	0.00000000000000e+00	-3.29867228626929e+04	-2.37721175630063e-03	7.84164253910244e+01	-2.37721175630063e-03	1
10	11	16	17	5.03770754242577e-02	1.00000000000000e+00	0.00000000000000e+00	0.00000000000000e+00	-3.29867228626929e+04	-2.65608963889688e-03	8.76156928167615e+01	-2.65608963889688e-03	1
11	12	17	18	5.03551060666389e-02	1.00000000000000e+00	0.00000000000000e+00	0.00000000000000e+00	-3.29867228626929e+04	-2.92583105664846e-03	9.65135782087226e+01	-2.92583105664846e-03	1
12	13	18	19	5.03599691765460e-02	1.00000000000000e+00	0.00000000000000e+00	0.00000000000000e+00	-3.29867228626929e+04	-2.65610660951669e-03	8.76162526218938e+01	-2.65610660951669e-03	1
13	14	19	20	5.03710882337709e-02	1.00000000000000e+00	0.00000000000000e+00	0.00000000000000e+00	-3.29867228626929e+04	-2.71735624373194e-03	8.96366773311937e+01	-2.71735624373194e-03	1
14	15	20	21	5.03479116437838e-02	1.00000000000000e+00	0.00000000000000e+00	0.00000000000000e+00	-3.29867228626929e+04	-2.96630108812080e-03	9.78485519211453e+01	-2.96630108812080e-03	1
1	2	8	9	5.05226985224036e-02	1.00000000000000e+00	0.00000000000000e+00	0.00000000000000e+00	-5.27787565803083e+04	-2.01770034123746e-03	1.06491715162177e+02	-2.01770034123746e-03	1
2	3	9	10	5.05520812852605e-02	1.00000000000000e+00	0.00000000000000e+00	0.00000000000000e+00	-5.27787565803083e+04	-1.78543491545614e-03	9.42330347928430e+01	-1.78543491545614e-03	1
3	4	10	11	5.05504913011720e-02	1.00000000000000e+00	0.00000000000000e+00	0.00000000000000e+00	-5.27787565803083e+04	-1.95933213110921e-03	1.03411113607790e+02	-1.95933213110921e-03	1
4	5	11	12	5.04922638305839e-02	1.00000000000000e+00	0.00000000000000e+00	0.00000000000000e+00	-5.27787565803083e+04	-1.94339299325730e-03	1.02569865731004e+02	-1.94339299325730e-03	1
5	6	12	13	5.04523553160146e-02	1.00000000000000e+00	0.00000000000000e+00	0.00000000000000e+00	-5.27787565803083e+04	-2.17946145905674e-03	1.15029265823719e+02	-2.17946145905674e-03	1
6	7	13	14	5.04969527572394e-02	1.00000000000000e+00	0.00000000000000e+00	0.00000000000000e+00	-5.27787565803083e+04	-2.00358356495275e-03	1.05746649262947e+02	-2.00358356495275e-03	1
7	8	14	15	5.05483402885648e-02	1.00000000000000e+00	0.00000000000000e+00	0.00000000000000e+00	-5.27787565803083e+04	-1.80344162933018e-03	9.51834067612122e+01	-1.80344162933018e-03	1
8	9	15	16	5.05671893370725e-02	1.00000000000000e+00	0.00000000000000e+00	0.00000000000000e+00	-5.27787565803083e+04	-1.56929468878777e-03	8.28254223823004e+01	-1.56929468878777e-03	1
9	10	16	17	5.05796477711109e-02	1.00000000000000e+00	0.00000000000000e+00	0.00000000000000e+00	-5.27787565803083e+04	-1.80427153706822e-03	9.52272082597023e+01	-1.80427153706822e-03	1
10	11	17	18	5.05696830102532e-02	1.00000000000000e+00	0.00000000000000e+00	0.00000000000000e+00	-5.27787565803083e+04	-1.82196829677750e-03	9.61612212326588e+01	-1.82196829677750e-03	1
11	12	18	19	5.05378327069744e-02	1.00000000000000e+00	0.00000000000000e+00	0.00000000000000e+00	-5.27787565803083e+04	-1.80525952966976e-03	9.52793532807222e+01	-1.80525952966976e-03	1
12	13	19	20	5.05261965230395e-02	1.00000000000000e+00	0.00000000000000e+00	0.00000000000000e+00	-5.27787565803083e+04	-1.86500319540959e-03	9.84325496720200e+01	-1.86500319540959e-03	1
13	14	20	21	5.05020491100940e-02	1.00000000000000e+00	0.00000000000000e+00	0.00000000000000e+00	-5.27787565803083e+04	-2.06886504650820e-03	1.09192124687164e+02	-2.06886504650820e-03	1
1	2	9	10	5.07448260891178e-02	1.00000000000000e+00	0.00000000000000e+00	0.00000000000000e+00	-7.91681348704634e+04	-1.26760747641352e-03	1.00354119655513e+02	-1.26760747641352e-03	1
2	3	10	11	5.07264988407967e-02	1.00000000000000e+00	0.00000000000000e+00	0.00000000000000e+00	-7.91681348704634e+04	-1.42770304806296e-03	1.13028587464020e+02	-1.42770304806296e-03	1
3	4	11	12	5.06606586517104e-02	1.00000000000000e+00	0.00000000000000e+00	0.00000000000000e+00	-7.91681348704634e+04	-1.51121980565414e-03	1.19640453392942e+02	-1.51121980565414e-03	1
4	5	12	13	5.06158984454625e-02	1.00000000000000e+00	0.00000000000000e+00	0.00000000000000e+00	-7.91681348704634e+04	-1.51894893556449e-03	1.20252354192116e+02	-1.51894893556449e-03	1
5	6	13	14	5.06169764628679e-02	1.00000000000000e+00	0.00000000000000e+00	0.00000000000000e+00	-7.91681348704634e+04	-1.64791011855751e-03	1.30461970520363e+02	-1.64791011855751e-03	1
6	7	14	15	5.06740877007412e-02	1.00000000000000e+00	0.00000000000000e+00	0.00000000000000e+00	-7.91681348704634e+04	-1.44270328202553e-03	1.14216128009458e+02	-1.44270328202553e-03	1
7	8	15	16	5.07369852023351e-02	1.00000000000000e+00	0.00000000000000e+00	0.00000000000000e+00	-7.91681348704634e+04	-1.28445352658868e-03	1.01687790027815e+02	-1.28445352658868e-03	1
8	9	16	17	5.07883100273348e-02	1.00000000000000e+00	0.00000000000000e+00	0.00000000000000e+00	-7.91681348704634e+04	-1.21855922884069e-03	9.64710613765079e+01	-1.21855922884069e-03	1
9	10	17	18	5.08351839884756e-02	1.00000000000000e+00	0.00000000000000e+00	0.00000000000000e+00	-7.91681348704634e+04	-1.18984042711163e-03	9.41974474079037e+01	-1.18984042711163e-03	1
10	11	18	19	5.08256386337742e-02	1.00000000000000e+00	0.00000000000000e+00	0.00000000000000e+00	-7.91681348704634e+04	-1.17813058335095e-03	9.32704009177457e+01	-1.17813058335095e-03	1
11	12	19	20	5.07527276562075e-02	1.00000000000000e+00	0.00000000000000e+00	0.00000000000000e+00	-7.91681348704634e+04	-1.33965205493591e-03	1.06057754564659e+02	-1.33965205493591e-03	1
12	13	20	21	5.06835705350570e-02	1.00000000000000e+00	0.00000000000000e+00	0.00000000000000e+00	-7.91681348704634e+04	-1.52962693280406e-03	1.21097711317725e+02	-1.52962693280406e-03	1
1	2	10	11	5.09533510705619e-02	1.00000000000000e+00	0.00000000000000e+00	0.00000000000000e+00	-1.13097335529231e+05	-1.11612435496014e-03	1.26230690665274e+02	-1.11612435496014e-03	1
2	3	11	12	5.08450506292508e-02	1.00000000000000e+00	0.00000000000000e+00	0.00000000000000e+00	-1.13097335529231e+05	-1.25279911060050e-03	1.41688241362308e+02	-1.25279911060050e-03	1
3	4	12	13	5.08019229281373e-02	1.00000000000000e+00	0.00000000000000e+00	0.00000000000000e+00	-1.13097335529231e+05	-1.20429033631109e-03	1.36202028240386e+02	-1.20429033631109e-03	1
4	5	13	14	5.08146695119060e-02	1.00000000000000e+00	0.00000000000000e+00	0.00000000000000e+00	-1.13097335529231e+05	-1.28258500990178e-03	1.45056947209624e+02	-1.28258500990178e-03	1
5	6	14	15	5.08118262150188e-02	1.00000000000000e+00	0.00000000000000e+00	0.00000000000000e+00	-1.13097335529231e+05	-1.11908317876600e-03	1.26565325754017e+02	-1.11908317876600e-03	1
6	7	15	16	5.08771120804600e-02	1.00000000000000e+00	0.00000000000000e+00	0.00000000000000e+00	-1.13097335529231e+05	-1.15840720203335e-03	1.31012768007844e+02	-1.15840720203335e-03	1
7	8	16	17	5.09922132130426e-02	1.00000000000000e+00	0.00000000000000e+00	0.00000000000000e+00	-1.13097335529231e+05	-9.92484529299974e-04	1.12247355817810e+02	-9.92484529299974e-04	1
8	9	17	18	5.10993466229136e-02	1.00000000000000e+00	0.00000000000000e+00	0.00000000000000e+00	-1.13097335529231e+05	-9.52546088391873e-04	1.07730424565912e+02	-9.52546088391873e-04	1
9	10	18	19	5.11722181890236e-02	1.00000000000000e+00	0.00000000000000e+00	0.00000000000000e+00	-1.13097335529231e+05	-8.15339648990840e-04	9.22127418522027e+01	-8.15339648990840e-04	1
10	11	19	20	5.11207917316472e-02	1.00000000000000e+00	0.00000000000000e+00	0.00000000000000e+00	-1.13097335529231e+05	-9.33565055463452e-04	1.05583720316115e+02	-9.33565055463452e-04	1
11	12	20	21	5.09525189918509e-02	1.00000000000000e+00	0.00000000000000e+00	0.00000000000000e+00	-1.13097335529231e+05	-1.05753283753251e-03	1.19604146159594e+02	-1.05753283753251e-03	1
1	2	11	12	5.10874850573678e-02	1.00000000000000e+00	0.00000000000000e+00	0.00000000000000e+00	-1.55508836352697e+05	-8.99409601316453e-04	1.39866140505164e+02	-8.99409601316453e-04	1
2	3	12	13	5.10042885323301e-02	1.00000000000000e+00	0.00000000000000e+00	0.00000000000000e+00	-1.55508836352697e+05	-9.97945772193992e-04	1.55189385776981e+02	-9.97945772193992e-04	1
3	4	13	14	5.10371646697426e-02	1.00000000000000e+00	0.00000000000000e+00	0.00000000000000e+00	-1.55508836352697e+05	-9.07103562004589e-04	1.41062619378720e+02	-9.07103562004589e-04	1
4	5	14	15	5.10481338386262e-02	1.00000000000000e+00	0.00000000000000e+00	0.00000000000000e+00	-1.55508836352697e+05	-9.47034945931532e-04	1.47272302427152e+02	-9.47034945931532e-04	1
5	6	15	16	5.10333985392469e-02	1.00000000000000e+00	0.00000000000000e+00	0.00000000000000e+00	-1.55508836352697e+05	-1.02016115759429e-03	1.58644074509708e+02	-1.02016115759429e-03	1
6	7	16	17	5.11540606199139e-02	1.00000000000000e+00	0.00000000000000e+00	0.00000000000000e+00	-1.55508836352697e+05	-9.33147855911145e-04	1.45112737217756e+02	-9.33147855911145e-04	1
7	8	17	18	5.13515163998930e-02	1.00000000000000e+00	0.00000000000000e+00	0.00000000000000e+00	-1.55508836352697e+05	-7.73743744599981e-04	1.20323989357921e+02	-7.73743744599981e-04	1
8	9	18	19	5.15070775492518e-02	1.00000000000000e+00	0.00000000000000e+00	0.00000000000000e+00	-1.55508836352697e+05	-6.67301622207645e-04	1.03771298765778e+02	-6.67301622207645e-04	1
9	10	19	20	5.15540472953729e-02	1.00000000000000e+00	0.00000000000000e+00	0.00000000000000e+00	-1.55508836352697e+05	-6.34163185646320e-04	9.86179790575784e+01	-6.34163185646320e-04	1
10	11	20	21	5.13909915870654e-02	1.00000000000000e+00	0.00000000000000e+00	0.00000000000000e+00	-1.55508836352697e+05	-7.36308424936921e-04	1.14502466358628e+02	-7.36308424936921e-04	1
1	2	12	13	5.12749668178768e-02	1.00000000000000e+00	0.00000000000000e+00	0.00000000000000e+00	-2.07345115136923e+05	-7.79401365317279e-04	1.61605065829586e+02	-7.79401365317279e-04	1
2	3	13	14	5.12780477578802e-02	1.00000000000000e+00	0.00000000000000e+00	0.00000000000000e+00	-2.07345115136923e+05	-8.55053109741386e-04	1.77291085487511e+02	-8.55053109741386e-04	1
3	4	14	15	5.13117701859775e-02	1.00000000000000e+00	0.00000000000000e+00	0.00000000000000e+00	-2.07345115136923e+05	-7.54055370500011e-04	1.56349697615940e+02	-7.54055370500011e-04	1
4	5	15	16	5.13117848300687e-02	1.00000000000000e+00	0.00000000000000e+00	0.00000000000000e+00	-2.07345115136923e+05	-7.58216232220181e-04	1.57212431968377e+02	-7.58216232220181e-04	1
5	6	16	17	5.13377844226685e-02	1.00000000000000e+00	0.00000000000000e+00	0.00000000000000e+00	-2.07345115136923e+05	-7.68995078157116e-04	1.59447373020214e+02	-7.68995078157116e-04	1
6	7	17	18	5.15442154086969e-02	1.00000000000000e+00	0.00000000000000e+00	0.00000000000000e+00	-2.07345115136923e+05	-6.08209087781042e-04	1.26109183333283e+02	-6.08209087781042e-04	1
7	8	18	19	5.18199913443541e-02	1.00000000000000e+00	0.00000000000000e+00	0.00000000000000e+00	-2.07345115136923e+05	-5.36133545432022e-04	1.11164671706369e+02	-5.36133545432022e-04	1
8	9	19	20	5.19618833298642e-02	1.00000000000000e+00	0.00000000000000e+00	0.00000000000000e+00	-2.07345115136923e+05	-4.63565246280004e-04	9.61179893634033e+01	-4.63565246280004e-04	1
9	10	20	21	5.18984977317182e-02	1.00000000000000e+00	0.00000000000000e+00	0.00000000000000e+00	-2.07345115136923e+05	-5.26631025959796e-04	1.09194370712310e+02	-5.26631025959796e-04	1
1	2	13	14	5.16053561386690e-02	1.00000000000000e+00	0.00000000000000e+00	0.00000000000000e+00	-2.69548649678010e+05	-5.53156329876548e-04	1.49102541779068e+02	-5.53156329876548e-04	1
2	3	14	15	5.15960848174549e-02	1.00000000000000e+00	0.00000000000000e+00	0.00000000000000e+00	-2.69548649678010e+05	-6.40256110028555e-04	1.72580169906292e+02	-6.40256110028555e-04	1
3	4	15	16	5.16199698701900e-02	1.00000000000000e+00	0.00000000000000e+00	0.00000000000000e+00	-2.69548649678010e+05	-6.21962939844117e-04	1.67649270584747e+02	-6.21962939844117e-04	1
4	5	16	17	5.16762039976966e-02	1.00000000000000e+00	0.00000000000000e+00	0.00000000000000e+00	-2.69548649678010e+05	-5.98413486346817e-04	1.61301547193895e+02	-5.98413486346817e-04	1
5	6	17	18	5.17668065357404e-02	1.00000000000000e+00	0.00000000000000e+00	0.00000000000000e+00	-2.69548649678010e+05	-5.51599359240975e-04	1.48682862446660e+02	-5.51599359240975e-04	1
6	7	18	19	5.20505509259151e-02	1.00000000000000e+00	0.00000000000000e+00	0.00000000000000e+00	-2.69548649678010e+05	-4.61854211333870e-04	1.24492179013147e+02	-4.61854211333870e-04	1
7	8	19	20	5.23355254083349e-02	1.00000000000000e+00	0.00000000000000e+00	0.00000000000000e+00	-2.69548649678010e+05	-4.37565208570874e-04	1.17945111116356e+02	-4.37565208570874e-04	1
8	9	20	21	5.23667420943044e-02	1.00000000000000e+00	0.00000000000000e+00	0.00000000000000e+00	-2.69548649678010e+05	-4.05454400355063e-04	1.09289686121715e+02	-4.05454400355063e-04	1
1	2	14	15	5.19878463241546e-02	1.00000000000000e+00	0.00000000000000e+00	0.00000000000000e+00	-3.43061917772000e+05	-5.40661825875575e-04	1.85480482850986e+02	-5.40661825875575e-04	1
2	3	15	16	5.19511677469548e-02	1.00000000000000e+00	0.00000000000000e+00	0.00000000000000e+00	-3.43061917772000e+05	-5.84050598049364e-04	2.00365518242698e+02	-5.84050598049364e-04	1
3	4	16	17	5.20482367533404e-02	1.00000000000000e+00	0.00000000000000e+00	0.00000000000000e+00	-3.43061917772000e+05	-4.98306284803924e-04	1.70949909702675e+02	-4.98306284803924e-04	1
4	5	17	18	5.21899483556760e-02	1.00000000000000e+00	0.00000000000000e+00	0.00000000000000e+00	-3.43061917772000e+05	-4.67997628443807e-04	1.60552163926680e+02	-4.67997628443807e-04	1
5	6	18	19	5.23214558848923e-02	1.00000000000000e+00	0.00000000000000e+00	0.00000000000000e+00	-3.43061917772000e+05	-4.49153124745801e-04	1.54087332348581e+02	-4.49153124745801e-04	1
6	7	19	20	5.26011954741796e-02	1.00000000000000e+00	0.00000000000000e+00	0.00000000000000e+00	-3.43061917772000e+05	-3.74265124469652e-04	1.28396111355735e+02	-3.74265124469652e-04	1
7	8	20	21	5.27890468977169e-02	1.00000000000000e+00	0.00000000000000e+00	0.00000000000000e+00	-3.43061917772000e+05	-3.61287307023077e-04	1.23943916414018e+02	-3.61287307023077e-04	1
1	2	15	16	5.24132106435510e-02	1.00000000000000e+00	0.00000000000000e+00	0.00000000000000e+00	-4.28827397215007e+05	-4.15236201081795e-04	1.78064659339354e+02	-4.15236201081795e-04	1
2	3	16	17	5.24467904970464e-02	1.00000000000000e+00	0.00000000000000e+00	0.00000000000000e+00	-4.28827397215007e+05	-3.95562563594565e-04	1.69628064581953e+02	-3.95562563594565e-04	1
3	4	17	18	5.26520262132648e-02	1.00000000000000e+00	0.00000000000000e+00	0.00000000000000e+00	-4.28827397215007e+05	-3.90985148608853e-04	1.67665143627657e+02	-3.90985148608853e-04	1
4	5	18	19	5.28517315294990e-02	1.00000000000000e+00	0.00000000000000e+00	0.00000000000000e+00	-4.28827397215007e+05	-3.68768584212619e-04	1.58138072142560e+02	-3.68768584212619e-04	1
5	6	19	20	5.29187990872380e-02	1.00000000000000e+00	0.00000000000000e+00	0.00000000000000e+00	-4.28827397215007e+05	-3.31167477940417e-04	1.42013687607447e+02	-3.31167477940417e-04	1
6	7	20	21	5.30805198694451e-02	1.00000000000000e+00	0.00000000000000e+00	0.00000000000000e+00	-4.28827397215007e+05	-3.10170546579517e-04	1.33009628182451e+02	-3.10170546579517e-04	1
1	2	16	17	5.30088923006846e-02	1.00000000000000e+00	0.00000000000000e+00	0.00000000000000e+00	-5.27787565803083e+05	-3.24610588463742e-04	1.71325432319185e+02	-3.24610588463742e-04	1
2	3	17	18	5.31455805403083e-02	1.00000000000000e+00	0.00000000000000e+00	0.00000000000000e+00	-5.27787565803083e+05	-2.94852228288290e-04	1.55619339839891e+02	-2.94852228288290e-04	1
3	4	18	19	5.34272983321200e-02	1.00000000000000e+00	0.00000000000000e+00	0.00000000000000e+00	-5.27787565803083e+05	-2.71940332319902e-04	1.43526726038803e+02	-2.71940332319902e-04	1
4	5	19	20	5.35581008214218e-02	1.00000000000000e+00	0.00000000000000e+00	0.00000000000000e+00	-5.27787565803083e+05	-2.93996781651713e-04	1.55167845741898e+02	-2.93996781651713e-04	1
5	6	20	21	5.34342612075743e-02	1.00000000000000e+00	0.00000000000000e+00	0.00000000000000e+00	-5.27787565803083e+05	-3.05417913554047e-04	1.61195777147347e+02	-3.05417913554047e-04	1
1	2	17	18	5.38487903755638e-02	1.00000000000000e+00	0.00000000000000e+00	0.00000000000000e+00	-6.40884901332338e+05	-2.49848198956029e-04	1.60123938335997e+02	-2.49848198956029e-04	1
2	3	18	19	5.40404681639053e-02	1.00000000000000e+00	0.00000000000000e+00	0.00000000000000e+00	-6.40884901332338e+05	-2.49583579834945e-04	1.59954347936690e+02	-2.49583579834945e-04	1
3	4	19	20	5.42481821092279e-02	1.00000000000000e+00	0.00000000000000e+00	0.00000000000000e+00	-6.40884901332338e+05	-2.50189267053412e-04	1.60342523729936e+02	-2.50189267053412e-04	1
4	5	20	21	5.41628613883037e-02	1.00000000000000e+00	0.00000000000000e+00	0.00000000000000e+00	-6.40884901332338e+05	-2.33737187789477e-04	1.49798634534157e+02	-2.33737187789477e-04	1
1	2	18	19	5.49222821662532e-02	1.00000000000000e+00	0.00000000000000e+00	0.00000000000000e+00	-7.69061881598758e+05	-2.21799183683327e-04	1.70577297540568e+02	-2.21799183683327e-04	1
2	3	19	20	5.49816431808958e-02	1.00000000000000e+00	0.00000000000000e+00	0.00000000000000e+00	-7.69061881598758e+05	-2.05502306647818e-04	1.58043990623456e+02	-2.05502306647818e-04	1
3	4	20	21	5.49460012336451e-02	1.00000000000000e+00	0.00000000000000e+00	0.00000000000000e+00	-7.69061881598758e+05	-2.06923951760800e-04	1.59137323689011e+02	-2.06923951760800e-04	1
1	2	19	20	5.60456148464527e-02	1.00000000000000e+00	0.00000000000000e+00	0.00000000000000e+00	-9.13260984398557e+05	-1.74556734474071e-04	1.59415855159187e+02	-1.74556734474071e-04	1
2	3	20	21	5.57768572581110e-02	1.00000000000000e+00	0.00000000000000e+00	0.00000000000000e+00	-9.13260984398557e+05	-1.82544228515950e-04	1.66710521830752e+02	-1.82544228515950e-04	1
1	2	20	21	5.69903868338794e-02	1.00000000000000e+00	0.00000000000000e+00	0.00000000000000e+00	-1.07442468752769e+06	-1.34373700580236e-04	1.44374421257859e+02	-1.34373700580236e-04	1
0
