0.000000000000000000e+00 -1.876585402901190491e+01
2.231182795698913424e+00 -1.835269993164726543e+01
1.481182795698923371e+01 -1.917900812637651597e+01
3.577956989247310560e+01 -1.897243107769421044e+01
6.303763440860215894e+01 -2.041847041847040600e+01
9.169354838709675448e+01 -2.145135566188199050e+01
1.154569892473118244e+02 -2.103820156451732259e+01
1.483064516129032313e+02 -2.062504746715271153e+01
2.017741935483871885e+02 -2.000531632110576652e+01
2.178494623655914211e+02 -2.021189336978807205e+01
2.552419354838709751e+02 -2.165793271056426761e+01
2.744623655913978837e+02 -1.917900812637651597e+01
3.150000000000000000e+02 -2.103820156451732259e+01
3.447043010752688588e+02 -2.227766385661121262e+01
3.765053763440860735e+02 -1.979873927242346099e+01
4.097043010752688588e+02 -2.165793271056426761e+01
4.285752688172043463e+02 -1.979873927242346099e+01
4.551344086021506428e+02 -1.979873927242346099e+01
4.802956989247312549e+02 -2.000531632110576652e+01
5.023118279569894185e+02 -2.145135566188199050e+01
